latitude=28.33421813218101
longitude=79.40845828793196
